k = 0 dim = 14602
-19.4408614974123
-18.8723893700844
-18.4755227435968
-18.3720870793033
-18.2293035353064
-17.9276759955919
 -17.642706694408
-17.3610082895891
-17.1298137033724
-17.0727547418824
k = 1 dim = 14532
-19.4335857624518
-18.8521586974291
-18.3545920441262
-17.9660519643952
-17.6663403394076
-17.3784620512838
-17.1227687255506
-17.0823886958228
-16.8521226645726
-16.7918957184591
k = 2 dim = 14588
-19.4382487125237
-18.8588446193316
 -18.365088691981
 -17.984179412576
-17.6850807824096
-17.3948014194395
 -17.143262967958
-17.1019340582081
-16.8662911322905
-16.8417672748412
k = 3 dim = 14541
-19.4336434706988
-18.8522772432223
-18.3548191073957
-17.9663283979001
-17.6667052902698
-17.3791484294306
-17.1228267706951
 -17.083239068906
-16.8523930473346
-16.7923537749451
k = 4 dim = 14588
-19.4382487125237
-18.8588446193315
 -18.365088691981
 -17.984179412576
-17.6850807824096
-17.3948014194395
 -17.143262967958
-17.1019340582081
-16.8662911322905
-16.8417672748412
k = 5 dim = 14532
-19.4335857624517
-18.8521586974293
-18.3545920441264
-17.9660519643952
-17.6663403394074
-17.3784620512836
-17.1227687255505
-17.0823886958228
-16.8521226645724
-16.7918957184591
k = 6 dim = 14599
-19.4383086981488
-18.8589690381777
-18.3653339358693
-17.9844864009442
 -17.685485662099
  -17.39553045754
-17.1433910158875
-17.1026877600495
-16.8664881261688
-16.8423226995523
k = 7 dim = 14532
-19.4335857624516
-18.8521586974292
-18.3545920441263
-17.9660519643952
-17.6663403394073
-17.3784620512836
-17.1227687255506
-17.0823886958228
-16.8521226645725
-16.7918957184591
k = 8 dim = 14588
-19.4382487125238
-18.8588446193315
 -18.365088691981
 -17.984179412576
-17.6850807824096
-17.3948014194395
 -17.143262967958
-17.1019340582081
-16.8662911322905
-16.8417672748412
k = 9 dim = 14542
-19.4336434707459
-18.8522772432243
-18.3548191073968
-17.9663283979024
-17.6667052902704
-17.3791484294322
-17.1228267707772
-17.0832390689088
-16.8523930473358
-16.7923537749833
k = 10 dim = 14588
-19.4382487125238
-18.8588446193315
 -18.365088691981
-17.9841794125761
-17.6850807824096
-17.3948014194395
 -17.143262967958
-17.1019340582081
-16.8662911322904
-16.8417672748412
k = 11 dim = 14532
-19.4335857624517
-18.8521586974293
-18.3545920441264
-17.9660519643952
-17.6663403394074
-17.3784620512836
-17.1227687255505
-17.0823886958227
-16.8521226645724
-16.7918957184591
k = 12 dim = 14599
-19.4383086981488
-18.8589690381777
-18.3653339358693
-17.9844864009442
 -17.685485662099
-17.3955304575401
-17.1433910158875
-17.1026877600496
-16.8664881261689
-16.8423226995523
k = 13 dim = 14532
-19.4335857624518
-18.8521586974291
-18.3545920441261
-17.9660519643951
-17.6663403394073
-17.3784620512836
-17.1227687255505
-17.0823886958227
-16.8521226645725
-16.7918957184589
k = 14 dim = 14588
-19.4382487125239
-18.8588446193316
 -18.365088691981
-17.9841794125761
-17.6850807824097
-17.3948014194395
-17.1432629679579
 -17.101934058208
-16.8662911322903
-16.8417672748412
k = 15 dim = 14541
-19.4336434706987
-18.8522772432223
-18.3548191073955
-17.9663283978999
-17.6667052902699
-17.3791484294303
-17.1228267706952
 -17.083239068906
-16.8523930473346
 -16.792353774945
k = 16 dim = 14588
-19.4382487125238
-18.8588446193315
 -18.365088691981
 -17.984179412576
-17.6850807824096
-17.3948014194395
 -17.143262967958
-17.1019340582081
-16.8662911322904
-16.8417672748412
k = 17 dim = 14532
-19.4335857624518
-18.8521586974291
-18.3545920441263
 -17.966051964395
-17.6663403394074
-17.3784620512836
-17.1227687255506
-17.0823886958228
-16.8521226645726
-16.7918957184591
