k = 0
E = -19.4408614974123
site	densite
0 0.324354082101139
1 0.324885431621475
2 0.324354082101139
3 0.324885431621475
4 0.324354082101139
5 0.324885431621475
6 0.324354082101139
7 0.324885431621475
8 0.324354082101139
9 0.324885431621475
10 0.324354082101139
11 0.324885431621475
12 0.324354082101139
13 0.324885431621475
14 0.324354082101139
15 0.324885431621475
16 0.324354082101139
17 0.360884559166841
E = -18.8723893700844
site	densite
0 0.0860326817359728
1 0.0866605506853314
2 0.0860326817359728
3 0.0866605506853314
4 0.0860326817359728
5 0.0866605506853314
6 0.0860326817359728
7 0.0866605506853314
8 0.0860326817359728
9 0.0866605506853314
10 0.0860326817359728
11 0.0866605506853314
12 0.0860326817359728
13 0.0866605506853314
14 0.0860326817359728
15 0.0866605506853314
16 0.0860326817359728
17 0.287893239721171
E = -18.4755227435968
site	densite
0 -0.00902272390766503
1 -0.00921744634072499
2 -0.00902272390766503
3 -0.00921744634072499
4 -0.00902272390766503
5 -0.00921744634072499
6 -0.00902272390766503
7 -0.00921744634072499
8 -0.00902272390766503
9 -0.00921744634072499
10 -0.00902272390766503
11 -0.00921744634072499
12 -0.00902272390766503
13 -0.00921744634072499
14 -0.00902272390766503
15 -0.00921744634072499
16 -0.00902272390766503
17 -0.240438968334167
E = -18.3720870793033
site	densite
0 -0.000398888330935116
1 -0.000462141323840078
2 -0.000398888330935116
3 -0.000462141323840078
4 -0.000398888330935116
5 -0.000462141323840078
6 -0.000398888330935116
7 -0.000462141323840078
8 -0.000398888330935116
9 -0.000462141323840078
10 -0.000398888330935116
11 -0.000462141323840078
12 -0.000398888330935116
13 -0.000462141323840078
14 -0.000398888330935116
15 -0.000462141323840078
16 -0.000398888330935116
17 -0.122909829732555
E = -18.2293035353064
site	densite
0 0.00183947780361074
1 0.00187478704670766
2 0.00183947780361074
3 0.00187478704670766
4 0.00183947780361074
5 0.00187478704670766
6 0.00183947780361074
7 0.00187478704670766
8 0.00183947780361074
9 0.00187478704670766
10 0.00183947780361074
11 0.00187478704670766
12 0.00183947780361074
13 0.00187478704670766
14 0.00183947780361074
15 0.00187478704670766
16 0.00183947780361074
17 0.426290816271507
E = -17.9276759955919
site	densite
0 -0.00743704900764764
1 -0.00759930959734006
2 -0.00743704900764764
3 -0.00759930959734006
4 -0.00743704900764764
5 -0.00759930959734006
6 -0.00743704900764764
7 -0.00759930959734006
8 -0.00743704900764764
9 -0.00759930959734006
10 -0.00743704900764764
11 -0.00759930959734006
12 -0.00743704900764764
13 -0.00759930959734006
14 -0.00743704900764764
15 -0.00759930959734006
16 -0.00743704900764764
17 -0.028863982866224
E = -17.642706694408
site	densite
0 -0.0130845831176391
1 -0.0136901253884813
2 -0.0130845831176391
3 -0.0136901253884813
4 -0.0130845831176391
5 -0.0136901253884813
6 -0.0130845831176391
7 -0.0136901253884813
8 -0.0130845831176391
9 -0.0136901253884813
10 -0.0130845831176391
11 -0.0136901253884813
12 -0.0130845831176391
13 -0.0136901253884813
14 -0.0130845831176391
15 -0.0136901253884813
16 -0.0130845831176391
17 -0.106370482179714
E = -17.3610082895891
site	densite
0 -0.0101637872506459
1 -0.0106761231264289
2 -0.0101637872506459
3 -0.0106761231264289
4 -0.0101637872506459
5 -0.0106761231264289
6 -0.0101637872506459
7 -0.0106761231264289
8 -0.0101637872506459
9 -0.0106761231264289
10 -0.0101637872506459
11 -0.0106761231264289
12 -0.0101637872506459
13 -0.0106761231264289
14 -0.0101637872506459
15 -0.0106761231264289
16 -0.0101637872506459
17 -0.0958115598005821
E = -17.1298137033724
site	densite
0 -0.0833825027438715
1 -0.084061642591834
2 -0.0833825027438715
3 -0.084061642591834
4 -0.0833825027438715
5 -0.084061642591834
6 -0.0833825027438715
7 -0.084061642591834
8 -0.0833825027438715
9 -0.084061642591834
10 -0.0833825027438715
11 -0.084061642591834
12 -0.0833825027438715
13 -0.084061642591834
14 -0.0833825027438715
15 -0.084061642591834
16 -0.0833825027438715
17 -0.177542624869585
E = -17.0727547418824
site	densite
0 0.0172326780648322
1 0.0168754512137411
2 0.0172326780648322
3 0.0168754512137411
4 0.0172326780648322
5 0.0168754512137411
6 0.0172326780648322
7 0.0168754512137411
8 0.0172326780648322
9 0.0168754512137411
10 0.0172326780648322
11 0.0168754512137411
12 0.0172326780648322
13 0.0168754512137411
14 0.0172326780648322
15 0.0168754512137411
16 0.0172326780648322
17 -0.0539009286312694
k = 1
E = -19.4335857624518
site	densite
0 0.330569587529388
1 0.330569587529388
2 0.330569587529388
3 0.330569587529388
4 0.330569587529388
5 0.330569587529388
6 0.330569587529388
7 0.330569587529388
8 0.330569587529388
9 0.330569587529388
10 0.330569587529388
11 0.330569587529388
12 0.330569587529388
13 0.330569587529388
14 0.330569587529388
15 0.330569587529388
16 0.330569587529388
17 0.330569587529388
E = -18.8521586974291
site	densite
0 0.11103778413877
1 0.11103778413877
2 0.11103778413877
3 0.11103778413877
4 0.11103778413877
5 0.11103778413877
6 0.11103778413877
7 0.11103778413877
8 0.11103778413877
9 0.11103778413877
10 0.11103778413877
11 0.11103778413877
12 0.11103778413877
13 0.11103778413877
14 0.11103778413877
15 0.11103778413877
16 0.11103778413877
17 0.11103778413877
E = -18.3545920441262
site	densite
0 -0.00150195451853978
1 -0.00150195451853978
2 -0.00150195451853978
3 -0.00150195451853978
4 -0.00150195451853978
5 -0.00150195451853978
6 -0.00150195451853978
7 -0.00150195451853978
8 -0.00150195451853978
9 -0.00150195451853978
10 -0.00150195451853978
11 -0.00150195451853978
12 -0.00150195451853978
13 -0.00150195451853978
14 -0.00150195451853978
15 -0.00150195451853978
16 -0.00150195451853978
17 -0.00150195451853978
E = -17.9660519643952
site	densite
0 -0.0396579130481499
1 -0.0396579130481499
2 -0.0396579130481499
3 -0.0396579130481499
4 -0.0396579130481499
5 -0.0396579130481499
6 -0.0396579130481499
7 -0.0396579130481499
8 -0.0396579130481499
9 -0.0396579130481499
10 -0.0396579130481499
11 -0.0396579130481499
12 -0.0396579130481499
13 -0.0396579130481499
14 -0.0396579130481499
15 -0.0396579130481499
16 -0.0396579130481499
17 -0.0396579130481499
E = -17.6663403394076
site	densite
0 -0.0382431812049331
1 -0.0382431812049331
2 -0.0382431812049331
3 -0.0382431812049331
4 -0.0382431812049331
5 -0.0382431812049331
6 -0.0382431812049331
7 -0.0382431812049331
8 -0.0382431812049331
9 -0.0382431812049331
10 -0.0382431812049331
11 -0.0382431812049331
12 -0.0382431812049331
13 -0.0382431812049331
14 -0.0382431812049331
15 -0.0382431812049331
16 -0.0382431812049331
17 -0.0382431812049331
E = -17.3784620512838
site	densite
0 -0.0267294780810127
1 -0.0267294780810127
2 -0.0267294780810127
3 -0.0267294780810127
4 -0.0267294780810127
5 -0.0267294780810127
6 -0.0267294780810127
7 -0.0267294780810127
8 -0.0267294780810127
9 -0.0267294780810127
10 -0.0267294780810127
11 -0.0267294780810127
12 -0.0267294780810127
13 -0.0267294780810127
14 -0.0267294780810127
15 -0.0267294780810127
16 -0.0267294780810127
17 -0.0267294780810127
E = -17.1227687255506
site	densite
0 -0.102387687996759
1 -0.102387687996759
2 -0.102387687996759
3 -0.102387687996759
4 -0.102387687996759
5 -0.102387687996759
6 -0.102387687996759
7 -0.102387687996759
8 -0.102387687996759
9 -0.102387687996759
10 -0.102387687996759
11 -0.102387687996759
12 -0.102387687996759
13 -0.102387687996759
14 -0.102387687996759
15 -0.102387687996759
16 -0.102387687996759
17 -0.102387687996759
E = -17.0823886958228
site	densite
0 0.00300902463921013
1 0.00300902463921013
2 0.00300902463921013
3 0.00300902463921013
4 0.00300902463921013
5 0.00300902463921013
6 0.00300902463921013
7 0.00300902463921013
8 0.00300902463921013
9 0.00300902463921013
10 0.00300902463921013
11 0.00300902463921013
12 0.00300902463921013
13 0.00300902463921013
14 0.00300902463921013
15 0.00300902463921013
16 0.00300902463921013
17 0.00300902463921013
E = -16.8521226645726
site	densite
0 0.159593197504473
1 0.159593197504473
2 0.159593197504473
3 0.159593197504473
4 0.159593197504473
5 0.159593197504473
6 0.159593197504473
7 0.159593197504473
8 0.159593197504473
9 0.159593197504473
10 0.159593197504473
11 0.159593197504473
12 0.159593197504473
13 0.159593197504473
14 0.159593197504473
15 0.159593197504473
16 0.159593197504473
17 0.159593197504473
E = -16.7918957184591
site	densite
0 -0.035248871690605
1 -0.035248871690605
2 -0.035248871690605
3 -0.035248871690605
4 -0.035248871690605
5 -0.035248871690605
6 -0.035248871690605
7 -0.035248871690605
8 -0.035248871690605
9 -0.035248871690605
10 -0.035248871690605
11 -0.035248871690605
12 -0.035248871690605
13 -0.035248871690605
14 -0.035248871690605
15 -0.035248871690605
16 -0.035248871690605
17 -0.035248871690605
k = 2
E = -19.4382487125237
site	densite
0 0.333268905069786
1 0.333762931434699
2 0.333268905069786
3 0.333762931434699
4 0.333268905069786
5 0.333762931434699
6 0.333268905069786
7 0.333762931434699
8 0.333268905069786
9 0.333762931434699
10 0.333268905069786
11 0.333762931434699
12 0.333268905069786
13 0.333762931434699
14 0.333268905069786
15 0.333762931434699
16 0.333268905069786
17 0.333762931434699
E = -18.8588446193316
site	densite
0 0.112233855585621
1 0.112890821513026
2 0.112233855585621
3 0.112890821513026
4 0.112233855585621
5 0.112890821513026
6 0.112233855585621
7 0.112890821513026
8 0.112233855585621
9 0.112890821513026
10 0.112233855585621
11 0.112890821513026
12 0.112233855585621
13 0.112890821513026
14 0.112233855585621
15 0.112890821513026
16 0.112233855585621
17 0.112890821513026
E = -18.365088691981
site	densite
0 -0.00749375684987753
1 -0.00723435960590232
2 -0.00749375684987753
3 -0.00723435960590232
4 -0.00749375684987753
5 -0.00723435960590232
6 -0.00749375684987753
7 -0.00723435960590232
8 -0.00749375684987753
9 -0.00723435960590232
10 -0.00749375684987753
11 -0.00723435960590232
12 -0.00749375684987753
13 -0.00723435960590232
14 -0.00749375684987753
15 -0.00723435960590232
16 -0.00749375684987753
17 -0.00723435960590232
E = -17.984179412576
site	densite
0 -0.0497351790211415
1 -0.0511324224832644
2 -0.0497351790211415
3 -0.0511324224832644
4 -0.0497351790211415
5 -0.0511324224832644
6 -0.0497351790211415
7 -0.0511324224832644
8 -0.0497351790211415
9 -0.0511324224832644
10 -0.0497351790211415
11 -0.0511324224832644
12 -0.0497351790211415
13 -0.0511324224832644
14 -0.0497351790211415
15 -0.0511324224832644
16 -0.0497351790211415
17 -0.0511324224832644
E = -17.6850807824096
site	densite
0 -0.041593091846493
1 -0.0436971395936932
2 -0.041593091846493
3 -0.0436971395936932
4 -0.041593091846493
5 -0.0436971395936932
6 -0.041593091846493
7 -0.0436971395936932
8 -0.041593091846493
9 -0.0436971395936932
10 -0.041593091846493
11 -0.0436971395936932
12 -0.041593091846493
13 -0.0436971395936932
14 -0.041593091846493
15 -0.0436971395936932
16 -0.041593091846493
17 -0.0436971395936932
E = -17.3948014194395
site	densite
0 -0.0270359682274608
1 -0.0286194924578558
2 -0.0270359682274608
3 -0.0286194924578558
4 -0.0270359682274608
5 -0.0286194924578558
6 -0.0270359682274608
7 -0.0286194924578558
8 -0.0270359682274608
9 -0.0286194924578558
10 -0.0270359682274608
11 -0.0286194924578558
12 -0.0270359682274608
13 -0.0286194924578558
14 -0.0270359682274608
15 -0.0286194924578558
16 -0.0270359682274608
17 -0.0286194924578558
E = -17.143262967958
site	densite
0 -0.1153973273911
1 -0.117347223152805
2 -0.1153973273911
3 -0.117347223152805
4 -0.1153973273911
5 -0.117347223152805
6 -0.1153973273911
7 -0.117347223152805
8 -0.1153973273911
9 -0.117347223152805
10 -0.1153973273911
11 -0.117347223152805
12 -0.1153973273911
13 -0.117347223152805
14 -0.1153973273911
15 -0.117347223152805
16 -0.1153973273911
17 -0.117347223152805
E = -17.1019340582081
site	densite
0 0.0342128196564722
1 0.0339940977713936
2 0.0342128196564722
3 0.0339940977713936
4 0.0342128196564722
5 0.0339940977713936
6 0.0342128196564722
7 0.0339940977713936
8 0.0342128196564722
9 0.0339940977713936
10 0.0342128196564722
11 0.0339940977713936
12 0.0342128196564722
13 0.0339940977713936
14 0.0342128196564722
15 0.0339940977713936
16 0.0342128196564722
17 0.0339940977713936
E = -16.8662911322905
site	densite
0 0.146876276534728
1 0.148321527036952
2 0.146876276534728
3 0.148321527036952
4 0.146876276534728
5 0.148321527036952
6 0.146876276534728
7 0.148321527036952
8 0.146876276534728
9 0.148321527036952
10 0.146876276534728
11 0.148321527036952
12 0.146876276534728
13 0.148321527036952
14 0.146876276534728
15 0.148321527036952
16 0.146876276534728
17 0.148321527036952
E = -16.8417672748412
site	densite
0 -0.0412083983273223
1 -0.0438594516661954
2 -0.0412083983273223
3 -0.0438594516661954
4 -0.0412083983273223
5 -0.0438594516661954
6 -0.0412083983273223
7 -0.0438594516661954
8 -0.0412083983273223
9 -0.0438594516661954
10 -0.0412083983273223
11 -0.0438594516661954
12 -0.0412083983273223
13 -0.0438594516661954
14 -0.0412083983273223
15 -0.0438594516661954
16 -0.0412083983273223
17 -0.0438594516661954
k = 3
E = -19.4336434706988
site	densite
0 0.330615380628139
1 0.330615380628139
2 0.330615380628139
3 0.330615380628139
4 0.330615380628139
5 0.330615380628139
6 0.330615380628139
7 0.330615380628139
8 0.330615380628139
9 0.330615380628139
10 0.330615380628139
11 0.330615380628139
12 0.330615380628139
13 0.330615380628139
14 0.330615380628139
15 0.330615380628139
16 0.330615380628139
17 0.330615380628139
E = -18.8522772432223
site	densite
0 0.111025591481094
1 0.111025591481094
2 0.111025591481094
3 0.111025591481094
4 0.111025591481094
5 0.111025591481094
6 0.111025591481094
7 0.111025591481094
8 0.111025591481094
9 0.111025591481094
10 0.111025591481094
11 0.111025591481094
12 0.111025591481094
13 0.111025591481094
14 0.111025591481094
15 0.111025591481094
16 0.111025591481094
17 0.111025591481094
E = -18.3548191073957
site	densite
0 -0.00159413309445587
1 -0.00159413309445587
2 -0.00159413309445587
3 -0.00159413309445587
4 -0.00159413309445587
5 -0.00159413309445587
6 -0.00159413309445587
7 -0.00159413309445587
8 -0.00159413309445587
9 -0.00159413309445587
10 -0.00159413309445587
11 -0.00159413309445587
12 -0.00159413309445587
13 -0.00159413309445587
14 -0.00159413309445587
15 -0.00159413309445587
16 -0.00159413309445587
17 -0.00159413309445587
E = -17.9663283979001
site	densite
0 -0.039753700444409
1 -0.039753700444409
2 -0.039753700444409
3 -0.039753700444409
4 -0.039753700444409
5 -0.039753700444409
6 -0.039753700444409
7 -0.039753700444409
8 -0.039753700444409
9 -0.039753700444409
10 -0.039753700444409
11 -0.039753700444409
12 -0.039753700444409
13 -0.039753700444409
14 -0.039753700444409
15 -0.039753700444409
16 -0.039753700444409
17 -0.039753700444409
E = -17.6667052902698
site	densite
0 -0.03860707188966
1 -0.03860707188966
2 -0.03860707188966
3 -0.03860707188966
4 -0.03860707188966
5 -0.03860707188966
6 -0.03860707188966
7 -0.03860707188966
8 -0.03860707188966
9 -0.03860707188966
10 -0.03860707188966
11 -0.03860707188966
12 -0.03860707188966
13 -0.03860707188966
14 -0.03860707188966
15 -0.03860707188966
16 -0.03860707188966
17 -0.03860707188966
E = -17.3791484294306
site	densite
0 -0.0274436469320228
1 -0.0274436469320228
2 -0.0274436469320228
3 -0.0274436469320228
4 -0.0274436469320228
5 -0.0274436469320228
6 -0.0274436469320228
7 -0.0274436469320228
8 -0.0274436469320228
9 -0.0274436469320228
10 -0.0274436469320228
11 -0.0274436469320228
12 -0.0274436469320228
13 -0.0274436469320228
14 -0.0274436469320228
15 -0.0274436469320228
16 -0.0274436469320228
17 -0.0274436469320228
E = -17.1228267706951
site	densite
0 -0.102492221806604
1 -0.102492221806604
2 -0.102492221806604
3 -0.102492221806604
4 -0.102492221806604
5 -0.102492221806604
6 -0.102492221806604
7 -0.102492221806604
8 -0.102492221806604
9 -0.102492221806604
10 -0.102492221806604
11 -0.102492221806604
12 -0.102492221806604
13 -0.102492221806604
14 -0.102492221806604
15 -0.102492221806604
16 -0.102492221806604
17 -0.102492221806604
E = -17.083239068906
site	densite
0 0.0024976496411193
1 0.0024976496411193
2 0.0024976496411193
3 0.0024976496411193
4 0.0024976496411193
5 0.0024976496411193
6 0.0024976496411193
7 0.0024976496411193
8 0.0024976496411193
9 0.0024976496411193
10 0.0024976496411193
11 0.0024976496411193
12 0.0024976496411193
13 0.0024976496411193
14 0.0024976496411193
15 0.0024976496411193
16 0.0024976496411193
17 0.0024976496411193
E = -16.8523930473346
site	densite
0 0.160096938321482
1 0.160096938321482
2 0.160096938321482
3 0.160096938321482
4 0.160096938321482
5 0.160096938321482
6 0.160096938321482
7 0.160096938321482
8 0.160096938321482
9 0.160096938321482
10 0.160096938321482
11 0.160096938321482
12 0.160096938321482
13 0.160096938321482
14 0.160096938321482
15 0.160096938321482
16 0.160096938321482
17 0.160096938321482
E = -16.7923537749451
site	densite
0 -0.0355183105716403
1 -0.0355183105716403
2 -0.0355183105716403
3 -0.0355183105716403
4 -0.0355183105716403
5 -0.0355183105716403
6 -0.0355183105716403
7 -0.0355183105716403
8 -0.0355183105716403
9 -0.0355183105716403
10 -0.0355183105716403
11 -0.0355183105716403
12 -0.0355183105716403
13 -0.0355183105716403
14 -0.0355183105716403
15 -0.0355183105716403
16 -0.0355183105716403
17 -0.0355183105716403
k = 4
E = -19.4382487125237
site	densite
0 0.333268905069787
1 0.3337629314347
2 0.333268905069787
3 0.3337629314347
4 0.333268905069787
5 0.3337629314347
6 0.333268905069787
7 0.3337629314347
8 0.333268905069787
9 0.3337629314347
10 0.333268905069787
11 0.3337629314347
12 0.333268905069787
13 0.3337629314347
14 0.333268905069787
15 0.3337629314347
16 0.333268905069787
17 0.3337629314347
E = -18.8588446193315
site	densite
0 0.11223385558562
1 0.112890821513025
2 0.11223385558562
3 0.112890821513025
4 0.11223385558562
5 0.112890821513025
6 0.11223385558562
7 0.112890821513025
8 0.11223385558562
9 0.112890821513025
10 0.11223385558562
11 0.112890821513025
12 0.11223385558562
13 0.112890821513025
14 0.11223385558562
15 0.112890821513025
16 0.11223385558562
17 0.112890821513025
E = -18.365088691981
site	densite
0 -0.00749375684989325
1 -0.00723435960591814
2 -0.00749375684989325
3 -0.00723435960591814
4 -0.00749375684989325
5 -0.00723435960591814
6 -0.00749375684989325
7 -0.00723435960591814
8 -0.00749375684989325
9 -0.00723435960591814
10 -0.00749375684989325
11 -0.00723435960591814
12 -0.00749375684989325
13 -0.00723435960591814
14 -0.00749375684989325
15 -0.00723435960591814
16 -0.00749375684989325
17 -0.00723435960591814
E = -17.984179412576
site	densite
0 -0.0497351790211218
1 -0.0511324224832446
2 -0.0497351790211218
3 -0.0511324224832446
4 -0.0497351790211218
5 -0.0511324224832446
6 -0.0497351790211218
7 -0.0511324224832446
8 -0.0497351790211218
9 -0.0511324224832446
10 -0.0497351790211218
11 -0.0511324224832446
12 -0.0497351790211218
13 -0.0511324224832446
14 -0.0497351790211218
15 -0.0511324224832446
16 -0.0497351790211218
17 -0.0511324224832446
E = -17.6850807824096
site	densite
0 -0.0415930918464983
1 -0.0436971395936984
2 -0.0415930918464983
3 -0.0436971395936984
4 -0.0415930918464983
5 -0.0436971395936984
6 -0.0415930918464983
7 -0.0436971395936984
8 -0.0415930918464983
9 -0.0436971395936984
10 -0.0415930918464983
11 -0.0436971395936984
12 -0.0415930918464983
13 -0.0436971395936984
14 -0.0415930918464983
15 -0.0436971395936984
16 -0.0415930918464983
17 -0.0436971395936984
E = -17.3948014194395
site	densite
0 -0.0270359682274615
1 -0.0286194924578566
2 -0.0270359682274615
3 -0.0286194924578566
4 -0.0270359682274615
5 -0.0286194924578566
6 -0.0270359682274615
7 -0.0286194924578566
8 -0.0270359682274615
9 -0.0286194924578566
10 -0.0270359682274615
11 -0.0286194924578566
12 -0.0270359682274615
13 -0.0286194924578566
14 -0.0270359682274615
15 -0.0286194924578566
16 -0.0270359682274615
17 -0.0286194924578566
E = -17.143262967958
site	densite
0 -0.115397327391104
1 -0.11734722315281
2 -0.115397327391104
3 -0.11734722315281
4 -0.115397327391104
5 -0.11734722315281
6 -0.115397327391104
7 -0.11734722315281
8 -0.115397327391104
9 -0.11734722315281
10 -0.115397327391104
11 -0.11734722315281
12 -0.115397327391104
13 -0.11734722315281
14 -0.115397327391104
15 -0.11734722315281
16 -0.115397327391104
17 -0.11734722315281
E = -17.1019340582081
site	densite
0 0.034212819656485
1 0.0339940977714069
2 0.034212819656485
3 0.0339940977714069
4 0.034212819656485
5 0.0339940977714069
6 0.034212819656485
7 0.0339940977714069
8 0.034212819656485
9 0.0339940977714069
10 0.034212819656485
11 0.0339940977714069
12 0.034212819656485
13 0.0339940977714069
14 0.034212819656485
15 0.0339940977714069
16 0.034212819656485
17 0.0339940977714069
E = -16.8662911322905
site	densite
0 0.146876276534733
1 0.148321527036957
2 0.146876276534733
3 0.148321527036957
4 0.146876276534733
5 0.148321527036957
6 0.146876276534733
7 0.148321527036957
8 0.146876276534733
9 0.148321527036957
10 0.146876276534733
11 0.148321527036957
12 0.146876276534733
13 0.148321527036957
14 0.146876276534733
15 0.148321527036957
16 0.146876276534733
17 0.148321527036957
E = -16.8417672748412
site	densite
0 -0.0412083983273277
1 -0.0438594516662009
2 -0.0412083983273277
3 -0.0438594516662009
4 -0.0412083983273277
5 -0.0438594516662009
6 -0.0412083983273277
7 -0.0438594516662009
8 -0.0412083983273277
9 -0.0438594516662009
10 -0.0412083983273277
11 -0.0438594516662009
12 -0.0412083983273277
13 -0.0438594516662009
14 -0.0412083983273277
15 -0.0438594516662009
16 -0.0412083983273277
17 -0.0438594516662009
k = 5
E = -19.4335857624517
site	densite
0 0.330569587529382
1 0.330569587529382
2 0.330569587529382
3 0.330569587529382
4 0.330569587529382
5 0.330569587529382
6 0.330569587529382
7 0.330569587529382
8 0.330569587529382
9 0.330569587529382
10 0.330569587529382
11 0.330569587529382
12 0.330569587529382
13 0.330569587529382
14 0.330569587529382
15 0.330569587529382
16 0.330569587529382
17 0.330569587529382
E = -18.8521586974293
site	densite
0 0.111037784138773
1 0.111037784138773
2 0.111037784138773
3 0.111037784138773
4 0.111037784138773
5 0.111037784138773
6 0.111037784138773
7 0.111037784138773
8 0.111037784138773
9 0.111037784138773
10 0.111037784138773
11 0.111037784138773
12 0.111037784138773
13 0.111037784138773
14 0.111037784138773
15 0.111037784138773
16 0.111037784138773
17 0.111037784138773
E = -18.3545920441264
site	densite
0 -0.00150195451852682
1 -0.00150195451852682
2 -0.00150195451852682
3 -0.00150195451852682
4 -0.00150195451852682
5 -0.00150195451852682
6 -0.00150195451852682
7 -0.00150195451852682
8 -0.00150195451852682
9 -0.00150195451852682
10 -0.00150195451852682
11 -0.00150195451852682
12 -0.00150195451852682
13 -0.00150195451852682
14 -0.00150195451852682
15 -0.00150195451852682
16 -0.00150195451852682
17 -0.00150195451852682
E = -17.9660519643952
site	densite
0 -0.0396579130481336
1 -0.0396579130481336
2 -0.0396579130481336
3 -0.0396579130481336
4 -0.0396579130481336
5 -0.0396579130481336
6 -0.0396579130481336
7 -0.0396579130481336
8 -0.0396579130481336
9 -0.0396579130481336
10 -0.0396579130481336
11 -0.0396579130481336
12 -0.0396579130481336
13 -0.0396579130481336
14 -0.0396579130481336
15 -0.0396579130481336
16 -0.0396579130481336
17 -0.0396579130481336
E = -17.6663403394074
site	densite
0 -0.038243181204977
1 -0.038243181204977
2 -0.038243181204977
3 -0.038243181204977
4 -0.038243181204977
5 -0.038243181204977
6 -0.038243181204977
7 -0.038243181204977
8 -0.038243181204977
9 -0.038243181204977
10 -0.038243181204977
11 -0.038243181204977
12 -0.038243181204977
13 -0.038243181204977
14 -0.038243181204977
15 -0.038243181204977
16 -0.038243181204977
17 -0.038243181204977
E = -17.3784620512836
site	densite
0 -0.0267294780809666
1 -0.0267294780809666
2 -0.0267294780809666
3 -0.0267294780809666
4 -0.0267294780809666
5 -0.0267294780809666
6 -0.0267294780809666
7 -0.0267294780809666
8 -0.0267294780809666
9 -0.0267294780809666
10 -0.0267294780809666
11 -0.0267294780809666
12 -0.0267294780809666
13 -0.0267294780809666
14 -0.0267294780809666
15 -0.0267294780809666
16 -0.0267294780809666
17 -0.0267294780809666
E = -17.1227687255505
site	densite
0 -0.102387687996743
1 -0.102387687996743
2 -0.102387687996743
3 -0.102387687996743
4 -0.102387687996743
5 -0.102387687996743
6 -0.102387687996743
7 -0.102387687996743
8 -0.102387687996743
9 -0.102387687996743
10 -0.102387687996743
11 -0.102387687996743
12 -0.102387687996743
13 -0.102387687996743
14 -0.102387687996743
15 -0.102387687996743
16 -0.102387687996743
17 -0.102387687996743
E = -17.0823886958228
site	densite
0 0.00300902463911271
1 0.00300902463911271
2 0.00300902463911271
3 0.00300902463911271
4 0.00300902463911271
5 0.00300902463911271
6 0.00300902463911271
7 0.00300902463911271
8 0.00300902463911271
9 0.00300902463911271
10 0.00300902463911271
11 0.00300902463911271
12 0.00300902463911271
13 0.00300902463911271
14 0.00300902463911271
15 0.00300902463911271
16 0.00300902463911271
17 0.00300902463911271
E = -16.8521226645724
site	densite
0 0.159593197504474
1 0.159593197504474
2 0.159593197504474
3 0.159593197504474
4 0.159593197504474
5 0.159593197504474
6 0.159593197504474
7 0.159593197504474
8 0.159593197504474
9 0.159593197504474
10 0.159593197504474
11 0.159593197504474
12 0.159593197504474
13 0.159593197504474
14 0.159593197504474
15 0.159593197504474
16 0.159593197504474
17 0.159593197504474
E = -16.7918957184591
site	densite
0 -0.0352488716905585
1 -0.0352488716905585
2 -0.0352488716905585
3 -0.0352488716905585
4 -0.0352488716905585
5 -0.0352488716905585
6 -0.0352488716905585
7 -0.0352488716905585
8 -0.0352488716905585
9 -0.0352488716905585
10 -0.0352488716905585
11 -0.0352488716905585
12 -0.0352488716905585
13 -0.0352488716905585
14 -0.0352488716905585
15 -0.0352488716905585
16 -0.0352488716905585
17 -0.0352488716905585
k = 6
E = -19.4383086981488
site	densite
0 0.333316813071225
1 0.33381119220079
2 0.333316813071225
3 0.33381119220079
4 0.333316813071225
5 0.33381119220079
6 0.333316813071225
7 0.33381119220079
8 0.333316813071225
9 0.33381119220079
10 0.333316813071225
11 0.33381119220079
12 0.333316813071225
13 0.33381119220079
14 0.333316813071225
15 0.33381119220079
16 0.333316813071225
17 0.33381119220079
E = -18.8589690381777
site	densite
0 0.112217052756663
1 0.112874046103599
2 0.112217052756663
3 0.112874046103599
4 0.112217052756663
5 0.112874046103599
6 0.112217052756663
7 0.112874046103599
8 0.112217052756663
9 0.112874046103599
10 0.112217052756663
11 0.112874046103599
12 0.112217052756663
13 0.112874046103599
14 0.112217052756663
15 0.112874046103599
16 0.112217052756663
17 0.112874046103599
E = -18.3653339358693
site	densite
0 -0.00761788780455248
1 -0.00736134267171957
2 -0.00761788780455248
3 -0.00736134267171957
4 -0.00761788780455248
5 -0.00736134267171957
6 -0.00761788780455248
7 -0.00736134267171957
8 -0.00761788780455248
9 -0.00736134267171957
10 -0.00761788780455248
11 -0.00736134267171957
12 -0.00761788780455248
13 -0.00736134267171957
14 -0.00761788780455248
15 -0.00736134267171957
16 -0.00761788780455248
17 -0.00736134267171957
E = -17.9844864009442
site	densite
0 -0.049868210326581
1 -0.0512718369695777
2 -0.049868210326581
3 -0.0512718369695777
4 -0.049868210326581
5 -0.0512718369695777
6 -0.049868210326581
7 -0.0512718369695777
8 -0.049868210326581
9 -0.0512718369695777
10 -0.049868210326581
11 -0.0512718369695777
12 -0.049868210326581
13 -0.0512718369695777
14 -0.049868210326581
15 -0.0512718369695777
16 -0.049868210326581
17 -0.0512718369695777
E = -17.685485662099
site	densite
0 -0.0419789176655941
1 -0.0440921780610145
2 -0.0419789176655941
3 -0.0440921780610145
4 -0.0419789176655941
5 -0.0440921780610145
6 -0.0419789176655941
7 -0.0440921780610145
8 -0.0419789176655941
9 -0.0440921780610145
10 -0.0419789176655941
11 -0.0440921780610145
12 -0.0419789176655941
13 -0.0440921780610145
14 -0.0419789176655941
15 -0.0440921780610145
16 -0.0419789176655941
17 -0.0440921780610145
E = -17.39553045754
site	densite
0 -0.0277393509104656
1 -0.0293333868569132
2 -0.0277393509104656
3 -0.0293333868569132
4 -0.0277393509104656
5 -0.0293333868569132
6 -0.0277393509104656
7 -0.0293333868569132
8 -0.0277393509104656
9 -0.0293333868569132
10 -0.0277393509104656
11 -0.0293333868569132
12 -0.0277393509104656
13 -0.0293333868569132
14 -0.0277393509104656
15 -0.0293333868569132
16 -0.0277393509104656
17 -0.0293333868569132
E = -17.1433910158875
site	densite
0 -0.115539487862322
1 -0.117509170575353
2 -0.115539487862322
3 -0.117509170575353
4 -0.115539487862322
5 -0.117509170575353
6 -0.115539487862322
7 -0.117509170575353
8 -0.115539487862322
9 -0.117509170575353
10 -0.115539487862322
11 -0.117509170575353
12 -0.115539487862322
13 -0.117509170575353
14 -0.115539487862322
15 -0.117509170575353
16 -0.115539487862322
17 -0.117509170575353
E = -17.1026877600495
site	densite
0 0.0338041356637216
1 0.0335991928086095
2 0.0338041356637216
3 0.0335991928086095
4 0.0338041356637216
5 0.0335991928086095
6 0.0338041356637216
7 0.0335991928086095
8 0.0338041356637216
9 0.0335991928086095
10 0.0338041356637216
11 0.0335991928086095
12 0.0338041356637216
13 0.0335991928086095
14 0.0338041356637216
15 0.0335991928086095
16 0.0338041356637216
17 0.0335991928086095
E = -16.8664881261688
site	densite
0 0.148125427620828
1 0.149573688350016
2 0.148125427620828
3 0.149573688350016
4 0.148125427620828
5 0.149573688350016
6 0.148125427620828
7 0.149573688350016
8 0.148125427620828
9 0.149573688350016
10 0.148125427620828
11 0.149573688350016
12 0.148125427620828
13 0.149573688350016
14 0.148125427620828
15 0.149573688350016
16 0.148125427620828
17 0.149573688350016
E = -16.8423226995523
site	densite
0 -0.0420301580476716
1 -0.0446686877372371
2 -0.0420301580476716
3 -0.0446686877372371
4 -0.0420301580476716
5 -0.0446686877372371
6 -0.0420301580476716
7 -0.0446686877372371
8 -0.0420301580476716
9 -0.0446686877372371
10 -0.0420301580476716
11 -0.0446686877372371
12 -0.0420301580476716
13 -0.0446686877372371
14 -0.0420301580476716
15 -0.0446686877372371
16 -0.0420301580476716
17 -0.0446686877372371
k = 7
E = -19.4335857624516
site	densite
0 0.330569587529386
1 0.330569587529386
2 0.330569587529386
3 0.330569587529386
4 0.330569587529386
5 0.330569587529386
6 0.330569587529386
7 0.330569587529386
8 0.330569587529386
9 0.330569587529386
10 0.330569587529386
11 0.330569587529386
12 0.330569587529386
13 0.330569587529386
14 0.330569587529386
15 0.330569587529386
16 0.330569587529386
17 0.330569587529386
E = -18.8521586974292
site	densite
0 0.111037784138738
1 0.111037784138738
2 0.111037784138738
3 0.111037784138738
4 0.111037784138738
5 0.111037784138738
6 0.111037784138738
7 0.111037784138738
8 0.111037784138738
9 0.111037784138738
10 0.111037784138738
11 0.111037784138738
12 0.111037784138738
13 0.111037784138738
14 0.111037784138738
15 0.111037784138738
16 0.111037784138738
17 0.111037784138738
E = -18.3545920441263
site	densite
0 -0.00150195451848746
1 -0.00150195451848746
2 -0.00150195451848746
3 -0.00150195451848746
4 -0.00150195451848746
5 -0.00150195451848746
6 -0.00150195451848746
7 -0.00150195451848746
8 -0.00150195451848746
9 -0.00150195451848746
10 -0.00150195451848746
11 -0.00150195451848746
12 -0.00150195451848746
13 -0.00150195451848746
14 -0.00150195451848746
15 -0.00150195451848746
16 -0.00150195451848746
17 -0.00150195451848746
E = -17.9660519643952
site	densite
0 -0.0396579130481298
1 -0.0396579130481298
2 -0.0396579130481298
3 -0.0396579130481298
4 -0.0396579130481298
5 -0.0396579130481298
6 -0.0396579130481298
7 -0.0396579130481298
8 -0.0396579130481298
9 -0.0396579130481298
10 -0.0396579130481298
11 -0.0396579130481298
12 -0.0396579130481298
13 -0.0396579130481298
14 -0.0396579130481298
15 -0.0396579130481298
16 -0.0396579130481298
17 -0.0396579130481298
E = -17.6663403394073
site	densite
0 -0.0382431812050037
1 -0.0382431812050037
2 -0.0382431812050037
3 -0.0382431812050037
4 -0.0382431812050037
5 -0.0382431812050037
6 -0.0382431812050037
7 -0.0382431812050037
8 -0.0382431812050037
9 -0.0382431812050037
10 -0.0382431812050037
11 -0.0382431812050037
12 -0.0382431812050037
13 -0.0382431812050037
14 -0.0382431812050037
15 -0.0382431812050037
16 -0.0382431812050037
17 -0.0382431812050037
E = -17.3784620512836
site	densite
0 -0.0267294780809499
1 -0.0267294780809499
2 -0.0267294780809499
3 -0.0267294780809499
4 -0.0267294780809499
5 -0.0267294780809499
6 -0.0267294780809499
7 -0.0267294780809499
8 -0.0267294780809499
9 -0.0267294780809499
10 -0.0267294780809499
11 -0.0267294780809499
12 -0.0267294780809499
13 -0.0267294780809499
14 -0.0267294780809499
15 -0.0267294780809499
16 -0.0267294780809499
17 -0.0267294780809499
E = -17.1227687255506
site	densite
0 -0.102387687996783
1 -0.102387687996783
2 -0.102387687996783
3 -0.102387687996783
4 -0.102387687996783
5 -0.102387687996783
6 -0.102387687996783
7 -0.102387687996783
8 -0.102387687996783
9 -0.102387687996783
10 -0.102387687996783
11 -0.102387687996783
12 -0.102387687996783
13 -0.102387687996783
14 -0.102387687996783
15 -0.102387687996783
16 -0.102387687996783
17 -0.102387687996783
E = -17.0823886958228
site	densite
0 0.00300902463914927
1 0.00300902463914927
2 0.00300902463914927
3 0.00300902463914927
4 0.00300902463914927
5 0.00300902463914927
6 0.00300902463914927
7 0.00300902463914927
8 0.00300902463914927
9 0.00300902463914927
10 0.00300902463914927
11 0.00300902463914927
12 0.00300902463914927
13 0.00300902463914927
14 0.00300902463914927
15 0.00300902463914927
16 0.00300902463914927
17 0.00300902463914927
E = -16.8521226645725
site	densite
0 0.159593197504464
1 0.159593197504464
2 0.159593197504464
3 0.159593197504464
4 0.159593197504464
5 0.159593197504464
6 0.159593197504464
7 0.159593197504464
8 0.159593197504464
9 0.159593197504464
10 0.159593197504464
11 0.159593197504464
12 0.159593197504464
13 0.159593197504464
14 0.159593197504464
15 0.159593197504464
16 0.159593197504464
17 0.159593197504464
E = -16.7918957184591
site	densite
0 -0.0352488716905872
1 -0.0352488716905872
2 -0.0352488716905872
3 -0.0352488716905872
4 -0.0352488716905872
5 -0.0352488716905872
6 -0.0352488716905872
7 -0.0352488716905872
8 -0.0352488716905872
9 -0.0352488716905872
10 -0.0352488716905872
11 -0.0352488716905872
12 -0.0352488716905872
13 -0.0352488716905872
14 -0.0352488716905872
15 -0.0352488716905872
16 -0.0352488716905872
17 -0.0352488716905872
k = 8
E = -19.4382487125238
site	densite
0 0.333268905069783
1 0.333762931434696
2 0.333268905069783
3 0.333762931434696
4 0.333268905069783
5 0.333762931434696
6 0.333268905069783
7 0.333762931434696
8 0.333268905069783
9 0.333762931434696
10 0.333268905069783
11 0.333762931434696
12 0.333268905069783
13 0.333762931434696
14 0.333268905069783
15 0.333762931434696
16 0.333268905069783
17 0.333762931434696
E = -18.8588446193315
site	densite
0 0.112233855585623
1 0.112890821513028
2 0.112233855585623
3 0.112890821513028
4 0.112233855585623
5 0.112890821513028
6 0.112233855585623
7 0.112890821513028
8 0.112233855585623
9 0.112890821513028
10 0.112233855585623
11 0.112890821513028
12 0.112233855585623
13 0.112890821513028
14 0.112233855585623
15 0.112890821513028
16 0.112233855585623
17 0.112890821513028
E = -18.365088691981
site	densite
0 -0.00749375684987877
1 -0.00723435960590355
2 -0.00749375684987877
3 -0.00723435960590355
4 -0.00749375684987877
5 -0.00723435960590355
6 -0.00749375684987877
7 -0.00723435960590355
8 -0.00749375684987877
9 -0.00723435960590355
10 -0.00749375684987877
11 -0.00723435960590355
12 -0.00749375684987877
13 -0.00723435960590355
14 -0.00749375684987877
15 -0.00723435960590355
16 -0.00749375684987877
17 -0.00723435960590355
E = -17.984179412576
site	densite
0 -0.0497351790211347
1 -0.0511324224832576
2 -0.0497351790211347
3 -0.0511324224832576
4 -0.0497351790211347
5 -0.0511324224832576
6 -0.0497351790211347
7 -0.0511324224832576
8 -0.0497351790211347
9 -0.0511324224832576
10 -0.0497351790211347
11 -0.0511324224832576
12 -0.0497351790211347
13 -0.0511324224832576
14 -0.0497351790211347
15 -0.0511324224832576
16 -0.0497351790211347
17 -0.0511324224832576
E = -17.6850807824096
site	densite
0 -0.0415930918464978
1 -0.0436971395936979
2 -0.0415930918464978
3 -0.0436971395936979
4 -0.0415930918464978
5 -0.0436971395936979
6 -0.0415930918464978
7 -0.0436971395936979
8 -0.0415930918464978
9 -0.0436971395936979
10 -0.0415930918464978
11 -0.0436971395936979
12 -0.0415930918464978
13 -0.0436971395936979
14 -0.0415930918464978
15 -0.0436971395936979
16 -0.0415930918464978
17 -0.0436971395936979
E = -17.3948014194395
site	densite
0 -0.0270359682274584
1 -0.0286194924578535
2 -0.0270359682274584
3 -0.0286194924578535
4 -0.0270359682274584
5 -0.0286194924578535
6 -0.0270359682274584
7 -0.0286194924578535
8 -0.0270359682274584
9 -0.0286194924578535
10 -0.0270359682274584
11 -0.0286194924578535
12 -0.0270359682274584
13 -0.0286194924578535
14 -0.0270359682274584
15 -0.0286194924578535
16 -0.0270359682274584
17 -0.0286194924578535
E = -17.143262967958
site	densite
0 -0.115397327391099
1 -0.117347223152805
2 -0.115397327391099
3 -0.117347223152805
4 -0.115397327391099
5 -0.117347223152805
6 -0.115397327391099
7 -0.117347223152805
8 -0.115397327391099
9 -0.117347223152805
10 -0.115397327391099
11 -0.117347223152805
12 -0.115397327391099
13 -0.117347223152805
14 -0.115397327391099
15 -0.117347223152805
16 -0.115397327391099
17 -0.117347223152805
E = -17.1019340582081
site	densite
0 0.0342128196564742
1 0.0339940977713957
2 0.0342128196564742
3 0.0339940977713957
4 0.0342128196564742
5 0.0339940977713957
6 0.0342128196564742
7 0.0339940977713957
8 0.0342128196564742
9 0.0339940977713957
10 0.0342128196564742
11 0.0339940977713957
12 0.0342128196564742
13 0.0339940977713957
14 0.0342128196564742
15 0.0339940977713957
16 0.0342128196564742
17 0.0339940977713957
E = -16.8662911322905
site	densite
0 0.146876276534734
1 0.148321527036958
2 0.146876276534734
3 0.148321527036958
4 0.146876276534734
5 0.148321527036958
6 0.146876276534734
7 0.148321527036958
8 0.146876276534734
9 0.148321527036958
10 0.146876276534734
11 0.148321527036958
12 0.146876276534734
13 0.148321527036958
14 0.146876276534734
15 0.148321527036958
16 0.146876276534734
17 0.148321527036958
E = -16.8417672748412
site	densite
0 -0.0412083983273275
1 -0.0438594516662008
2 -0.0412083983273275
3 -0.0438594516662008
4 -0.0412083983273275
5 -0.0438594516662008
6 -0.0412083983273275
7 -0.0438594516662008
8 -0.0412083983273275
9 -0.0438594516662008
10 -0.0412083983273275
11 -0.0438594516662008
12 -0.0412083983273275
13 -0.0438594516662008
14 -0.0412083983273275
15 -0.0438594516662008
16 -0.0412083983273275
17 -0.0438594516662008
k = 9
E = -19.4336434707459
site	densite
0 0.330615380607982
1 0.330615380607982
2 0.330615380607982
3 0.330615380607982
4 0.330615380607982
5 0.330615380607982
6 0.330615380607982
7 0.330615380607982
8 0.330615380607982
9 0.330615380607982
10 0.330615380607982
11 0.330615380607982
12 0.330615380607982
13 0.330615380607982
14 0.330615380607982
15 0.330615380607982
16 0.330615380607982
17 0.330615380607982
E = -18.8522772432243
site	densite
0 0.111025591488159
1 0.111025591488159
2 0.111025591488159
3 0.111025591488159
4 0.111025591488159
5 0.111025591488159
6 0.111025591488159
7 0.111025591488159
8 0.111025591488159
9 0.111025591488159
10 0.111025591488159
11 0.111025591488159
12 0.111025591488159
13 0.111025591488159
14 0.111025591488159
15 0.111025591488159
16 0.111025591488159
17 0.111025591488159
E = -18.3548191073968
site	densite
0 -0.00159413309360913
1 -0.00159413309360913
2 -0.00159413309360913
3 -0.00159413309360913
4 -0.00159413309360913
5 -0.00159413309360913
6 -0.00159413309360913
7 -0.00159413309360913
8 -0.00159413309360913
9 -0.00159413309360913
10 -0.00159413309360913
11 -0.00159413309360913
12 -0.00159413309360913
13 -0.00159413309360913
14 -0.00159413309360913
15 -0.00159413309360913
16 -0.00159413309360913
17 -0.00159413309360913
E = -17.9663283979024
site	densite
0 -0.0397537004418836
1 -0.0397537004418836
2 -0.0397537004418836
3 -0.0397537004418836
4 -0.0397537004418836
5 -0.0397537004418836
6 -0.0397537004418836
7 -0.0397537004418836
8 -0.0397537004418836
9 -0.0397537004418836
10 -0.0397537004418836
11 -0.0397537004418836
12 -0.0397537004418836
13 -0.0397537004418836
14 -0.0397537004418836
15 -0.0397537004418836
16 -0.0397537004418836
17 -0.0397537004418836
E = -17.6667052902704
site	densite
0 -0.0386070718876865
1 -0.0386070718876865
2 -0.0386070718876865
3 -0.0386070718876865
4 -0.0386070718876865
5 -0.0386070718876865
6 -0.0386070718876865
7 -0.0386070718876865
8 -0.0386070718876865
9 -0.0386070718876865
10 -0.0386070718876865
11 -0.0386070718876865
12 -0.0386070718876865
13 -0.0386070718876865
14 -0.0386070718876865
15 -0.0386070718876865
16 -0.0386070718876865
17 -0.0386070718876865
E = -17.3791484294322
site	densite
0 -0.0274436469291069
1 -0.0274436469291069
2 -0.0274436469291069
3 -0.0274436469291069
4 -0.0274436469291069
5 -0.0274436469291069
6 -0.0274436469291069
7 -0.0274436469291069
8 -0.0274436469291069
9 -0.0274436469291069
10 -0.0274436469291069
11 -0.0274436469291069
12 -0.0274436469291069
13 -0.0274436469291069
14 -0.0274436469291069
15 -0.0274436469291069
16 -0.0274436469291069
17 -0.0274436469291069
E = -17.1228267707772
site	densite
0 -0.102492221828998
1 -0.102492221828998
2 -0.102492221828998
3 -0.102492221828998
4 -0.102492221828998
5 -0.102492221828998
6 -0.102492221828998
7 -0.102492221828998
8 -0.102492221828998
9 -0.102492221828998
10 -0.102492221828998
11 -0.102492221828998
12 -0.102492221828998
13 -0.102492221828998
14 -0.102492221828998
15 -0.102492221828998
16 -0.102492221828998
17 -0.102492221828998
E = -17.0832390689088
site	densite
0 0.00249764969830894
1 0.00249764969830894
2 0.00249764969830894
3 0.00249764969830894
4 0.00249764969830894
5 0.00249764969830894
6 0.00249764969830894
7 0.00249764969830894
8 0.00249764969830894
9 0.00249764969830894
10 0.00249764969830894
11 0.00249764969830894
12 0.00249764969830894
13 0.00249764969830894
14 0.00249764969830894
15 0.00249764969830894
16 0.00249764969830894
17 0.00249764969830894
E = -16.8523930473358
site	densite
0 0.16009693833395
1 0.16009693833395
2 0.16009693833395
3 0.16009693833395
4 0.16009693833395
5 0.16009693833395
6 0.16009693833395
7 0.16009693833395
8 0.16009693833395
9 0.16009693833395
10 0.16009693833395
11 0.16009693833395
12 0.16009693833395
13 0.16009693833395
14 0.16009693833395
15 0.16009693833395
16 0.16009693833395
17 0.16009693833395
E = -16.7923537749833
site	densite
0 -0.0355183105698272
1 -0.0355183105698272
2 -0.0355183105698272
3 -0.0355183105698272
4 -0.0355183105698272
5 -0.0355183105698272
6 -0.0355183105698272
7 -0.0355183105698272
8 -0.0355183105698272
9 -0.0355183105698272
10 -0.0355183105698272
11 -0.0355183105698272
12 -0.0355183105698272
13 -0.0355183105698272
14 -0.0355183105698272
15 -0.0355183105698272
16 -0.0355183105698272
17 -0.0355183105698272
k = 10
E = -19.4382487125238
site	densite
0 0.333268905069783
1 0.333762931434696
2 0.333268905069783
3 0.333762931434696
4 0.333268905069783
5 0.333762931434696
6 0.333268905069783
7 0.333762931434696
8 0.333268905069783
9 0.333762931434696
10 0.333268905069783
11 0.333762931434696
12 0.333268905069783
13 0.333762931434696
14 0.333268905069783
15 0.333762931434696
16 0.333268905069783
17 0.333762931434696
E = -18.8588446193315
site	densite
0 0.112233855585624
1 0.112890821513029
2 0.112233855585624
3 0.112890821513029
4 0.112233855585624
5 0.112890821513029
6 0.112233855585624
7 0.112890821513029
8 0.112233855585624
9 0.112890821513029
10 0.112233855585624
11 0.112890821513029
12 0.112233855585624
13 0.112890821513029
14 0.112233855585624
15 0.112890821513029
16 0.112233855585624
17 0.112890821513029
E = -18.365088691981
site	densite
0 -0.00749375684988534
1 -0.00723435960591018
2 -0.00749375684988534
3 -0.00723435960591018
4 -0.00749375684988534
5 -0.00723435960591018
6 -0.00749375684988534
7 -0.00723435960591018
8 -0.00749375684988534
9 -0.00723435960591018
10 -0.00749375684988534
11 -0.00723435960591018
12 -0.00749375684988534
13 -0.00723435960591018
14 -0.00749375684988534
15 -0.00723435960591018
16 -0.00749375684988534
17 -0.00723435960591018
E = -17.9841794125761
site	densite
0 -0.0497351790211326
1 -0.0511324224832555
2 -0.0497351790211326
3 -0.0511324224832555
4 -0.0497351790211326
5 -0.0511324224832555
6 -0.0497351790211326
7 -0.0511324224832555
8 -0.0497351790211326
9 -0.0511324224832555
10 -0.0497351790211326
11 -0.0511324224832555
12 -0.0497351790211326
13 -0.0511324224832555
14 -0.0497351790211326
15 -0.0511324224832555
16 -0.0497351790211326
17 -0.0511324224832555
E = -17.6850807824096
site	densite
0 -0.0415930918464937
1 -0.0436971395936939
2 -0.0415930918464937
3 -0.0436971395936939
4 -0.0415930918464937
5 -0.0436971395936939
6 -0.0415930918464937
7 -0.0436971395936939
8 -0.0415930918464937
9 -0.0436971395936939
10 -0.0415930918464937
11 -0.0436971395936939
12 -0.0415930918464937
13 -0.0436971395936939
14 -0.0415930918464937
15 -0.0436971395936939
16 -0.0415930918464937
17 -0.0436971395936939
E = -17.3948014194395
site	densite
0 -0.0270359682274523
1 -0.0286194924578473
2 -0.0270359682274523
3 -0.0286194924578473
4 -0.0270359682274523
5 -0.0286194924578473
6 -0.0270359682274523
7 -0.0286194924578473
8 -0.0270359682274523
9 -0.0286194924578473
10 -0.0270359682274523
11 -0.0286194924578473
12 -0.0270359682274523
13 -0.0286194924578473
14 -0.0270359682274523
15 -0.0286194924578473
16 -0.0270359682274523
17 -0.0286194924578473
E = -17.143262967958
site	densite
0 -0.115397327391095
1 -0.117347223152801
2 -0.115397327391095
3 -0.117347223152801
4 -0.115397327391095
5 -0.117347223152801
6 -0.115397327391095
7 -0.117347223152801
8 -0.115397327391095
9 -0.117347223152801
10 -0.115397327391095
11 -0.117347223152801
12 -0.115397327391095
13 -0.117347223152801
14 -0.115397327391095
15 -0.117347223152801
16 -0.115397327391095
17 -0.117347223152801
E = -17.1019340582081
site	densite
0 0.03421281965648
1 0.0339940977714013
2 0.03421281965648
3 0.0339940977714013
4 0.03421281965648
5 0.0339940977714013
6 0.03421281965648
7 0.0339940977714013
8 0.03421281965648
9 0.0339940977714013
10 0.03421281965648
11 0.0339940977714013
12 0.03421281965648
13 0.0339940977714013
14 0.03421281965648
15 0.0339940977714013
16 0.03421281965648
17 0.0339940977714013
E = -16.8662911322904
site	densite
0 0.146876276534737
1 0.148321527036961
2 0.146876276534737
3 0.148321527036961
4 0.146876276534737
5 0.148321527036961
6 0.146876276534737
7 0.148321527036961
8 0.146876276534737
9 0.148321527036961
10 0.146876276534737
11 0.148321527036961
12 0.146876276534737
13 0.148321527036961
14 0.146876276534737
15 0.148321527036961
16 0.146876276534737
17 0.148321527036961
E = -16.8417672748412
site	densite
0 -0.0412083983273385
1 -0.0438594516662119
2 -0.0412083983273385
3 -0.0438594516662119
4 -0.0412083983273385
5 -0.0438594516662119
6 -0.0412083983273385
7 -0.0438594516662119
8 -0.0412083983273385
9 -0.0438594516662119
10 -0.0412083983273385
11 -0.0438594516662119
12 -0.0412083983273385
13 -0.0438594516662119
14 -0.0412083983273385
15 -0.0438594516662119
16 -0.0412083983273385
17 -0.0438594516662119
k = 11
E = -19.4335857624517
site	densite
0 0.330569587529385
1 0.330569587529385
2 0.330569587529385
3 0.330569587529385
4 0.330569587529385
5 0.330569587529385
6 0.330569587529385
7 0.330569587529385
8 0.330569587529385
9 0.330569587529385
10 0.330569587529385
11 0.330569587529385
12 0.330569587529385
13 0.330569587529385
14 0.330569587529385
15 0.330569587529385
16 0.330569587529385
17 0.330569587529385
E = -18.8521586974293
site	densite
0 0.111037784138772
1 0.111037784138772
2 0.111037784138772
3 0.111037784138772
4 0.111037784138772
5 0.111037784138772
6 0.111037784138772
7 0.111037784138772
8 0.111037784138772
9 0.111037784138772
10 0.111037784138772
11 0.111037784138772
12 0.111037784138772
13 0.111037784138772
14 0.111037784138772
15 0.111037784138772
16 0.111037784138772
17 0.111037784138772
E = -18.3545920441264
site	densite
0 -0.00150195451853987
1 -0.00150195451853987
2 -0.00150195451853987
3 -0.00150195451853987
4 -0.00150195451853987
5 -0.00150195451853987
6 -0.00150195451853987
7 -0.00150195451853987
8 -0.00150195451853987
9 -0.00150195451853987
10 -0.00150195451853987
11 -0.00150195451853987
12 -0.00150195451853987
13 -0.00150195451853987
14 -0.00150195451853987
15 -0.00150195451853987
16 -0.00150195451853987
17 -0.00150195451853987
E = -17.9660519643952
site	densite
0 -0.0396579130481177
1 -0.0396579130481177
2 -0.0396579130481177
3 -0.0396579130481177
4 -0.0396579130481177
5 -0.0396579130481177
6 -0.0396579130481177
7 -0.0396579130481177
8 -0.0396579130481177
9 -0.0396579130481177
10 -0.0396579130481177
11 -0.0396579130481177
12 -0.0396579130481177
13 -0.0396579130481177
14 -0.0396579130481177
15 -0.0396579130481177
16 -0.0396579130481177
17 -0.0396579130481177
E = -17.6663403394074
site	densite
0 -0.0382431812049734
1 -0.0382431812049734
2 -0.0382431812049734
3 -0.0382431812049734
4 -0.0382431812049734
5 -0.0382431812049734
6 -0.0382431812049734
7 -0.0382431812049734
8 -0.0382431812049734
9 -0.0382431812049734
10 -0.0382431812049734
11 -0.0382431812049734
12 -0.0382431812049734
13 -0.0382431812049734
14 -0.0382431812049734
15 -0.0382431812049734
16 -0.0382431812049734
17 -0.0382431812049734
E = -17.3784620512836
site	densite
0 -0.026729478080969
1 -0.026729478080969
2 -0.026729478080969
3 -0.026729478080969
4 -0.026729478080969
5 -0.026729478080969
6 -0.026729478080969
7 -0.026729478080969
8 -0.026729478080969
9 -0.026729478080969
10 -0.026729478080969
11 -0.026729478080969
12 -0.026729478080969
13 -0.026729478080969
14 -0.026729478080969
15 -0.026729478080969
16 -0.026729478080969
17 -0.026729478080969
E = -17.1227687255505
site	densite
0 -0.102387687996763
1 -0.102387687996763
2 -0.102387687996763
3 -0.102387687996763
4 -0.102387687996763
5 -0.102387687996763
6 -0.102387687996763
7 -0.102387687996763
8 -0.102387687996763
9 -0.102387687996763
10 -0.102387687996763
11 -0.102387687996763
12 -0.102387687996763
13 -0.102387687996763
14 -0.102387687996763
15 -0.102387687996763
16 -0.102387687996763
17 -0.102387687996763
E = -17.0823886958227
site	densite
0 0.00300902463912997
1 0.00300902463912997
2 0.00300902463912997
3 0.00300902463912997
4 0.00300902463912997
5 0.00300902463912997
6 0.00300902463912997
7 0.00300902463912997
8 0.00300902463912997
9 0.00300902463912997
10 0.00300902463912997
11 0.00300902463912997
12 0.00300902463912997
13 0.00300902463912997
14 0.00300902463912997
15 0.00300902463912997
16 0.00300902463912997
17 0.00300902463912997
E = -16.8521226645724
site	densite
0 0.159593197504461
1 0.159593197504461
2 0.159593197504461
3 0.159593197504461
4 0.159593197504461
5 0.159593197504461
6 0.159593197504461
7 0.159593197504461
8 0.159593197504461
9 0.159593197504461
10 0.159593197504461
11 0.159593197504461
12 0.159593197504461
13 0.159593197504461
14 0.159593197504461
15 0.159593197504461
16 0.159593197504461
17 0.159593197504461
E = -16.7918957184591
site	densite
0 -0.0352488716905597
1 -0.0352488716905597
2 -0.0352488716905597
3 -0.0352488716905597
4 -0.0352488716905597
5 -0.0352488716905597
6 -0.0352488716905597
7 -0.0352488716905597
8 -0.0352488716905597
9 -0.0352488716905597
10 -0.0352488716905597
11 -0.0352488716905597
12 -0.0352488716905597
13 -0.0352488716905597
14 -0.0352488716905597
15 -0.0352488716905597
16 -0.0352488716905597
17 -0.0352488716905597
k = 12
E = -19.4383086981488
site	densite
0 0.333316813071222
1 0.333811192200786
2 0.333316813071222
3 0.333811192200786
4 0.333316813071222
5 0.333811192200786
6 0.333316813071222
7 0.333811192200786
8 0.333316813071222
9 0.333811192200786
10 0.333316813071222
11 0.333811192200786
12 0.333316813071222
13 0.333811192200786
14 0.333316813071222
15 0.333811192200786
16 0.333316813071222
17 0.333811192200786
E = -18.8589690381777
site	densite
0 0.112217052756669
1 0.112874046103605
2 0.112217052756669
3 0.112874046103605
4 0.112217052756669
5 0.112874046103605
6 0.112217052756669
7 0.112874046103605
8 0.112217052756669
9 0.112874046103605
10 0.112217052756669
11 0.112874046103605
12 0.112217052756669
13 0.112874046103605
14 0.112217052756669
15 0.112874046103605
16 0.112217052756669
17 0.112874046103605
E = -18.3653339358693
site	densite
0 -0.00761788780455483
1 -0.00736134267172194
2 -0.00761788780455483
3 -0.00736134267172194
4 -0.00761788780455483
5 -0.00736134267172194
6 -0.00761788780455483
7 -0.00736134267172194
8 -0.00761788780455483
9 -0.00736134267172194
10 -0.00761788780455483
11 -0.00736134267172194
12 -0.00761788780455483
13 -0.00736134267172194
14 -0.00761788780455483
15 -0.00736134267172194
16 -0.00761788780455483
17 -0.00736134267172194
E = -17.9844864009442
site	densite
0 -0.0498682103265832
1 -0.0512718369695799
2 -0.0498682103265832
3 -0.0512718369695799
4 -0.0498682103265832
5 -0.0512718369695799
6 -0.0498682103265832
7 -0.0512718369695799
8 -0.0498682103265832
9 -0.0512718369695799
10 -0.0498682103265832
11 -0.0512718369695799
12 -0.0498682103265832
13 -0.0512718369695799
14 -0.0498682103265832
15 -0.0512718369695799
16 -0.0498682103265832
17 -0.0512718369695799
E = -17.685485662099
site	densite
0 -0.0419789176656096
1 -0.0440921780610301
2 -0.0419789176656096
3 -0.0440921780610301
4 -0.0419789176656096
5 -0.0440921780610301
6 -0.0419789176656096
7 -0.0440921780610301
8 -0.0419789176656096
9 -0.0440921780610301
10 -0.0419789176656096
11 -0.0440921780610301
12 -0.0419789176656096
13 -0.0440921780610301
14 -0.0419789176656096
15 -0.0440921780610301
16 -0.0419789176656096
17 -0.0440921780610301
E = -17.3955304575401
site	densite
0 -0.0277393509104441
1 -0.0293333868568913
2 -0.0277393509104441
3 -0.0293333868568913
4 -0.0277393509104441
5 -0.0293333868568913
6 -0.0277393509104441
7 -0.0293333868568913
8 -0.0277393509104441
9 -0.0293333868568913
10 -0.0277393509104441
11 -0.0293333868568913
12 -0.0277393509104441
13 -0.0293333868568913
14 -0.0277393509104441
15 -0.0293333868568913
16 -0.0277393509104441
17 -0.0293333868568913
E = -17.1433910158875
site	densite
0 -0.115539487862312
1 -0.117509170575341
2 -0.115539487862312
3 -0.117509170575341
4 -0.115539487862312
5 -0.117509170575341
6 -0.115539487862312
7 -0.117509170575341
8 -0.115539487862312
9 -0.117509170575341
10 -0.115539487862312
11 -0.117509170575341
12 -0.115539487862312
13 -0.117509170575341
14 -0.115539487862312
15 -0.117509170575341
16 -0.115539487862312
17 -0.117509170575341
E = -17.1026877600496
site	densite
0 0.0338041356637045
1 0.0335991928085905
2 0.0338041356637045
3 0.0335991928085905
4 0.0338041356637045
5 0.0335991928085905
6 0.0338041356637045
7 0.0335991928085905
8 0.0338041356637045
9 0.0335991928085905
10 0.0338041356637045
11 0.0335991928085905
12 0.0338041356637045
13 0.0335991928085905
14 0.0338041356637045
15 0.0335991928085905
16 0.0338041356637045
17 0.0335991928085905
E = -16.8664881261689
site	densite
0 0.148125427620842
1 0.14957368835003
2 0.148125427620842
3 0.14957368835003
4 0.148125427620842
5 0.14957368835003
6 0.148125427620842
7 0.14957368835003
8 0.148125427620842
9 0.14957368835003
10 0.148125427620842
11 0.14957368835003
12 0.148125427620842
13 0.14957368835003
14 0.148125427620842
15 0.14957368835003
16 0.148125427620842
17 0.14957368835003
E = -16.8423226995523
site	densite
0 -0.0420301580476862
1 -0.0446686877372518
2 -0.0420301580476862
3 -0.0446686877372518
4 -0.0420301580476862
5 -0.0446686877372518
6 -0.0420301580476862
7 -0.0446686877372518
8 -0.0420301580476862
9 -0.0446686877372518
10 -0.0420301580476862
11 -0.0446686877372518
12 -0.0420301580476862
13 -0.0446686877372518
14 -0.0420301580476862
15 -0.0446686877372518
16 -0.0420301580476862
17 -0.0446686877372518
k = 13
E = -19.4335857624518
site	densite
0 0.33056958752939
1 0.33056958752939
2 0.33056958752939
3 0.33056958752939
4 0.33056958752939
5 0.33056958752939
6 0.33056958752939
7 0.33056958752939
8 0.33056958752939
9 0.33056958752939
10 0.33056958752939
11 0.33056958752939
12 0.33056958752939
13 0.33056958752939
14 0.33056958752939
15 0.33056958752939
16 0.33056958752939
17 0.33056958752939
E = -18.8521586974291
site	densite
0 0.111037784138762
1 0.111037784138762
2 0.111037784138762
3 0.111037784138762
4 0.111037784138762
5 0.111037784138762
6 0.111037784138762
7 0.111037784138762
8 0.111037784138762
9 0.111037784138762
10 0.111037784138762
11 0.111037784138762
12 0.111037784138762
13 0.111037784138762
14 0.111037784138762
15 0.111037784138762
16 0.111037784138762
17 0.111037784138762
E = -18.3545920441261
site	densite
0 -0.00150195451853286
1 -0.00150195451853286
2 -0.00150195451853286
3 -0.00150195451853286
4 -0.00150195451853286
5 -0.00150195451853286
6 -0.00150195451853286
7 -0.00150195451853286
8 -0.00150195451853286
9 -0.00150195451853286
10 -0.00150195451853286
11 -0.00150195451853286
12 -0.00150195451853286
13 -0.00150195451853286
14 -0.00150195451853286
15 -0.00150195451853286
16 -0.00150195451853286
17 -0.00150195451853286
E = -17.9660519643951
site	densite
0 -0.0396579130481252
1 -0.0396579130481252
2 -0.0396579130481252
3 -0.0396579130481252
4 -0.0396579130481252
5 -0.0396579130481252
6 -0.0396579130481252
7 -0.0396579130481252
8 -0.0396579130481252
9 -0.0396579130481252
10 -0.0396579130481252
11 -0.0396579130481252
12 -0.0396579130481252
13 -0.0396579130481252
14 -0.0396579130481252
15 -0.0396579130481252
16 -0.0396579130481252
17 -0.0396579130481252
E = -17.6663403394073
site	densite
0 -0.0382431812049714
1 -0.0382431812049714
2 -0.0382431812049714
3 -0.0382431812049714
4 -0.0382431812049714
5 -0.0382431812049714
6 -0.0382431812049714
7 -0.0382431812049714
8 -0.0382431812049714
9 -0.0382431812049714
10 -0.0382431812049714
11 -0.0382431812049714
12 -0.0382431812049714
13 -0.0382431812049714
14 -0.0382431812049714
15 -0.0382431812049714
16 -0.0382431812049714
17 -0.0382431812049714
E = -17.3784620512836
site	densite
0 -0.0267294780809802
1 -0.0267294780809802
2 -0.0267294780809802
3 -0.0267294780809802
4 -0.0267294780809802
5 -0.0267294780809802
6 -0.0267294780809802
7 -0.0267294780809802
8 -0.0267294780809802
9 -0.0267294780809802
10 -0.0267294780809802
11 -0.0267294780809802
12 -0.0267294780809802
13 -0.0267294780809802
14 -0.0267294780809802
15 -0.0267294780809802
16 -0.0267294780809802
17 -0.0267294780809802
E = -17.1227687255505
site	densite
0 -0.102387687996891
1 -0.102387687996891
2 -0.102387687996891
3 -0.102387687996891
4 -0.102387687996891
5 -0.102387687996891
6 -0.102387687996891
7 -0.102387687996891
8 -0.102387687996891
9 -0.102387687996891
10 -0.102387687996891
11 -0.102387687996891
12 -0.102387687996891
13 -0.102387687996891
14 -0.102387687996891
15 -0.102387687996891
16 -0.102387687996891
17 -0.102387687996891
E = -17.0823886958227
site	densite
0 0.00300902463927665
1 0.00300902463927665
2 0.00300902463927665
3 0.00300902463927665
4 0.00300902463927665
5 0.00300902463927665
6 0.00300902463927665
7 0.00300902463927665
8 0.00300902463927665
9 0.00300902463927665
10 0.00300902463927665
11 0.00300902463927665
12 0.00300902463927665
13 0.00300902463927665
14 0.00300902463927665
15 0.00300902463927665
16 0.00300902463927665
17 0.00300902463927665
E = -16.8521226645725
site	densite
0 0.159593197504431
1 0.159593197504431
2 0.159593197504431
3 0.159593197504431
4 0.159593197504431
5 0.159593197504431
6 0.159593197504431
7 0.159593197504431
8 0.159593197504431
9 0.159593197504431
10 0.159593197504431
11 0.159593197504431
12 0.159593197504431
13 0.159593197504431
14 0.159593197504431
15 0.159593197504431
16 0.159593197504431
17 0.159593197504431
E = -16.7918957184589
site	densite
0 -0.0352488716905077
1 -0.0352488716905077
2 -0.0352488716905077
3 -0.0352488716905077
4 -0.0352488716905077
5 -0.0352488716905077
6 -0.0352488716905077
7 -0.0352488716905077
8 -0.0352488716905077
9 -0.0352488716905077
10 -0.0352488716905077
11 -0.0352488716905077
12 -0.0352488716905077
13 -0.0352488716905077
14 -0.0352488716905077
15 -0.0352488716905077
16 -0.0352488716905077
17 -0.0352488716905077
k = 14
E = -19.4382487125239
site	densite
0 0.333268905069787
1 0.3337629314347
2 0.333268905069787
3 0.3337629314347
4 0.333268905069787
5 0.3337629314347
6 0.333268905069787
7 0.3337629314347
8 0.333268905069787
9 0.3337629314347
10 0.333268905069787
11 0.3337629314347
12 0.333268905069787
13 0.3337629314347
14 0.333268905069787
15 0.3337629314347
16 0.333268905069787
17 0.3337629314347
E = -18.8588446193316
site	densite
0 0.112233855585621
1 0.112890821513026
2 0.112233855585621
3 0.112890821513026
4 0.112233855585621
5 0.112890821513026
6 0.112233855585621
7 0.112890821513026
8 0.112233855585621
9 0.112890821513026
10 0.112233855585621
11 0.112890821513026
12 0.112233855585621
13 0.112890821513026
14 0.112233855585621
15 0.112890821513026
16 0.112233855585621
17 0.112890821513026
E = -18.365088691981
site	densite
0 -0.00749375684987613
1 -0.00723435960590091
2 -0.00749375684987613
3 -0.00723435960590091
4 -0.00749375684987613
5 -0.00723435960590091
6 -0.00749375684987613
7 -0.00723435960590091
8 -0.00749375684987613
9 -0.00723435960590091
10 -0.00749375684987613
11 -0.00723435960590091
12 -0.00749375684987613
13 -0.00723435960590091
14 -0.00749375684987613
15 -0.00723435960590091
16 -0.00749375684987613
17 -0.00723435960590091
E = -17.9841794125761
site	densite
0 -0.0497351790211402
1 -0.0511324224832631
2 -0.0497351790211402
3 -0.0511324224832631
4 -0.0497351790211402
5 -0.0511324224832631
6 -0.0497351790211402
7 -0.0511324224832631
8 -0.0497351790211402
9 -0.0511324224832631
10 -0.0497351790211402
11 -0.0511324224832631
12 -0.0497351790211402
13 -0.0511324224832631
14 -0.0497351790211402
15 -0.0511324224832631
16 -0.0497351790211402
17 -0.0511324224832631
E = -17.6850807824097
site	densite
0 -0.0415930918464971
1 -0.0436971395936973
2 -0.0415930918464971
3 -0.0436971395936973
4 -0.0415930918464971
5 -0.0436971395936973
6 -0.0415930918464971
7 -0.0436971395936973
8 -0.0415930918464971
9 -0.0436971395936973
10 -0.0415930918464971
11 -0.0436971395936973
12 -0.0415930918464971
13 -0.0436971395936973
14 -0.0415930918464971
15 -0.0436971395936973
16 -0.0415930918464971
17 -0.0436971395936973
E = -17.3948014194395
site	densite
0 -0.0270359682274374
1 -0.0286194924578321
2 -0.0270359682274374
3 -0.0286194924578321
4 -0.0270359682274374
5 -0.0286194924578321
6 -0.0270359682274374
7 -0.0286194924578321
8 -0.0270359682274374
9 -0.0286194924578321
10 -0.0270359682274374
11 -0.0286194924578321
12 -0.0270359682274374
13 -0.0286194924578321
14 -0.0270359682274374
15 -0.0286194924578321
16 -0.0270359682274374
17 -0.0286194924578321
E = -17.1432629679579
site	densite
0 -0.115397327391097
1 -0.117347223152802
2 -0.115397327391097
3 -0.117347223152802
4 -0.115397327391097
5 -0.117347223152802
6 -0.115397327391097
7 -0.117347223152802
8 -0.115397327391097
9 -0.117347223152802
10 -0.115397327391097
11 -0.117347223152802
12 -0.115397327391097
13 -0.117347223152802
14 -0.115397327391097
15 -0.117347223152802
16 -0.115397327391097
17 -0.117347223152802
E = -17.101934058208
site	densite
0 0.0342128196565002
1 0.0339940977714222
2 0.0342128196565002
3 0.0339940977714222
4 0.0342128196565002
5 0.0339940977714222
6 0.0342128196565002
7 0.0339940977714222
8 0.0342128196565002
9 0.0339940977714222
10 0.0342128196565002
11 0.0339940977714222
12 0.0342128196565002
13 0.0339940977714222
14 0.0342128196565002
15 0.0339940977714222
16 0.0342128196565002
17 0.0339940977714222
E = -16.8662911322903
site	densite
0 0.146876276534736
1 0.14832152703696
2 0.146876276534736
3 0.14832152703696
4 0.146876276534736
5 0.14832152703696
6 0.146876276534736
7 0.14832152703696
8 0.146876276534736
9 0.14832152703696
10 0.146876276534736
11 0.14832152703696
12 0.146876276534736
13 0.14832152703696
14 0.146876276534736
15 0.14832152703696
16 0.146876276534736
17 0.14832152703696
E = -16.8417672748412
site	densite
0 -0.0412083983273627
1 -0.0438594516662364
2 -0.0412083983273627
3 -0.0438594516662364
4 -0.0412083983273627
5 -0.0438594516662364
6 -0.0412083983273627
7 -0.0438594516662364
8 -0.0412083983273627
9 -0.0438594516662364
10 -0.0412083983273627
11 -0.0438594516662364
12 -0.0412083983273627
13 -0.0438594516662364
14 -0.0412083983273627
15 -0.0438594516662364
16 -0.0412083983273627
17 -0.0438594516662364
k = 15
E = -19.4336434706987
site	densite
0 0.330615380628124
1 0.330615380628124
2 0.330615380628124
3 0.330615380628124
4 0.330615380628124
5 0.330615380628124
6 0.330615380628124
7 0.330615380628124
8 0.330615380628124
9 0.330615380628124
10 0.330615380628124
11 0.330615380628124
12 0.330615380628124
13 0.330615380628124
14 0.330615380628124
15 0.330615380628124
16 0.330615380628124
17 0.330615380628124
E = -18.8522772432223
site	densite
0 0.111025591481116
1 0.111025591481116
2 0.111025591481116
3 0.111025591481116
4 0.111025591481116
5 0.111025591481116
6 0.111025591481116
7 0.111025591481116
8 0.111025591481116
9 0.111025591481116
10 0.111025591481116
11 0.111025591481116
12 0.111025591481116
13 0.111025591481116
14 0.111025591481116
15 0.111025591481116
16 0.111025591481116
17 0.111025591481116
E = -18.3548191073955
site	densite
0 -0.00159413309445541
1 -0.00159413309445541
2 -0.00159413309445541
3 -0.00159413309445541
4 -0.00159413309445541
5 -0.00159413309445541
6 -0.00159413309445541
7 -0.00159413309445541
8 -0.00159413309445541
9 -0.00159413309445541
10 -0.00159413309445541
11 -0.00159413309445541
12 -0.00159413309445541
13 -0.00159413309445541
14 -0.00159413309445541
15 -0.00159413309445541
16 -0.00159413309445541
17 -0.00159413309445541
E = -17.9663283978999
site	densite
0 -0.0397537004443726
1 -0.0397537004443726
2 -0.0397537004443726
3 -0.0397537004443726
4 -0.0397537004443726
5 -0.0397537004443726
6 -0.0397537004443726
7 -0.0397537004443726
8 -0.0397537004443726
9 -0.0397537004443726
10 -0.0397537004443726
11 -0.0397537004443726
12 -0.0397537004443726
13 -0.0397537004443726
14 -0.0397537004443726
15 -0.0397537004443726
16 -0.0397537004443726
17 -0.0397537004443726
E = -17.6667052902699
site	densite
0 -0.0386070718896358
1 -0.0386070718896358
2 -0.0386070718896358
3 -0.0386070718896358
4 -0.0386070718896358
5 -0.0386070718896358
6 -0.0386070718896358
7 -0.0386070718896358
8 -0.0386070718896358
9 -0.0386070718896358
10 -0.0386070718896358
11 -0.0386070718896358
12 -0.0386070718896358
13 -0.0386070718896358
14 -0.0386070718896358
15 -0.0386070718896358
16 -0.0386070718896358
17 -0.0386070718896358
E = -17.3791484294303
site	densite
0 -0.0274436469320647
1 -0.0274436469320647
2 -0.0274436469320647
3 -0.0274436469320647
4 -0.0274436469320647
5 -0.0274436469320647
6 -0.0274436469320647
7 -0.0274436469320647
8 -0.0274436469320647
9 -0.0274436469320647
10 -0.0274436469320647
11 -0.0274436469320647
12 -0.0274436469320647
13 -0.0274436469320647
14 -0.0274436469320647
15 -0.0274436469320647
16 -0.0274436469320647
17 -0.0274436469320647
E = -17.1228267706952
site	densite
0 -0.102492221806738
1 -0.102492221806738
2 -0.102492221806738
3 -0.102492221806738
4 -0.102492221806738
5 -0.102492221806738
6 -0.102492221806738
7 -0.102492221806738
8 -0.102492221806738
9 -0.102492221806738
10 -0.102492221806738
11 -0.102492221806738
12 -0.102492221806738
13 -0.102492221806738
14 -0.102492221806738
15 -0.102492221806738
16 -0.102492221806738
17 -0.102492221806738
E = -17.083239068906
site	densite
0 0.00249764964127377
1 0.00249764964127377
2 0.00249764964127377
3 0.00249764964127377
4 0.00249764964127377
5 0.00249764964127377
6 0.00249764964127377
7 0.00249764964127377
8 0.00249764964127377
9 0.00249764964127377
10 0.00249764964127377
11 0.00249764964127377
12 0.00249764964127377
13 0.00249764964127377
14 0.00249764964127377
15 0.00249764964127377
16 0.00249764964127377
17 0.00249764964127377
E = -16.8523930473346
site	densite
0 0.160096938321429
1 0.160096938321429
2 0.160096938321429
3 0.160096938321429
4 0.160096938321429
5 0.160096938321429
6 0.160096938321429
7 0.160096938321429
8 0.160096938321429
9 0.160096938321429
10 0.160096938321429
11 0.160096938321429
12 0.160096938321429
13 0.160096938321429
14 0.160096938321429
15 0.160096938321429
16 0.160096938321429
17 0.160096938321429
E = -16.792353774945
site	densite
0 -0.035518310571615
1 -0.035518310571615
2 -0.035518310571615
3 -0.035518310571615
4 -0.035518310571615
5 -0.035518310571615
6 -0.035518310571615
7 -0.035518310571615
8 -0.035518310571615
9 -0.035518310571615
10 -0.035518310571615
11 -0.035518310571615
12 -0.035518310571615
13 -0.035518310571615
14 -0.035518310571615
15 -0.035518310571615
16 -0.035518310571615
17 -0.035518310571615
k = 16
E = -19.4382487125238
site	densite
0 0.333268905069778
1 0.333762931434692
2 0.333268905069778
3 0.333762931434692
4 0.333268905069778
5 0.333762931434692
6 0.333268905069778
7 0.333762931434692
8 0.333268905069778
9 0.333762931434692
10 0.333268905069778
11 0.333762931434692
12 0.333268905069778
13 0.333762931434692
14 0.333268905069778
15 0.333762931434692
16 0.333268905069778
17 0.333762931434692
E = -18.8588446193315
site	densite
0 0.112233855585629
1 0.112890821513034
2 0.112233855585629
3 0.112890821513034
4 0.112233855585629
5 0.112890821513034
6 0.112233855585629
7 0.112890821513034
8 0.112233855585629
9 0.112890821513034
10 0.112233855585629
11 0.112890821513034
12 0.112233855585629
13 0.112890821513034
14 0.112233855585629
15 0.112890821513034
16 0.112233855585629
17 0.112890821513034
E = -18.365088691981
site	densite
0 -0.0074937568498873
1 -0.00723435960591216
2 -0.0074937568498873
3 -0.00723435960591216
4 -0.0074937568498873
5 -0.00723435960591216
6 -0.0074937568498873
7 -0.00723435960591216
8 -0.0074937568498873
9 -0.00723435960591216
10 -0.0074937568498873
11 -0.00723435960591216
12 -0.0074937568498873
13 -0.00723435960591216
14 -0.0074937568498873
15 -0.00723435960591216
16 -0.0074937568498873
17 -0.00723435960591216
E = -17.984179412576
site	densite
0 -0.0497351790211294
1 -0.0511324224832521
2 -0.0497351790211294
3 -0.0511324224832521
4 -0.0497351790211294
5 -0.0511324224832521
6 -0.0497351790211294
7 -0.0511324224832521
8 -0.0497351790211294
9 -0.0511324224832521
10 -0.0497351790211294
11 -0.0511324224832521
12 -0.0497351790211294
13 -0.0511324224832521
14 -0.0497351790211294
15 -0.0511324224832521
16 -0.0497351790211294
17 -0.0511324224832521
E = -17.6850807824096
site	densite
0 -0.0415930918464963
1 -0.0436971395936965
2 -0.0415930918464963
3 -0.0436971395936965
4 -0.0415930918464963
5 -0.0436971395936965
6 -0.0415930918464963
7 -0.0436971395936965
8 -0.0415930918464963
9 -0.0436971395936965
10 -0.0415930918464963
11 -0.0436971395936965
12 -0.0415930918464963
13 -0.0436971395936965
14 -0.0415930918464963
15 -0.0436971395936965
16 -0.0415930918464963
17 -0.0436971395936965
E = -17.3948014194395
site	densite
0 -0.027035968227458
1 -0.028619492457853
2 -0.027035968227458
3 -0.028619492457853
4 -0.027035968227458
5 -0.028619492457853
6 -0.027035968227458
7 -0.028619492457853
8 -0.027035968227458
9 -0.028619492457853
10 -0.027035968227458
11 -0.028619492457853
12 -0.027035968227458
13 -0.028619492457853
14 -0.027035968227458
15 -0.028619492457853
16 -0.027035968227458
17 -0.028619492457853
E = -17.143262967958
site	densite
0 -0.1153973273911
1 -0.117347223152806
2 -0.1153973273911
3 -0.117347223152806
4 -0.1153973273911
5 -0.117347223152806
6 -0.1153973273911
7 -0.117347223152806
8 -0.1153973273911
9 -0.117347223152806
10 -0.1153973273911
11 -0.117347223152806
12 -0.1153973273911
13 -0.117347223152806
14 -0.1153973273911
15 -0.117347223152806
16 -0.1153973273911
17 -0.117347223152806
E = -17.1019340582081
site	densite
0 0.0342128196564707
1 0.0339940977713924
2 0.0342128196564707
3 0.0339940977713924
4 0.0342128196564707
5 0.0339940977713924
6 0.0342128196564707
7 0.0339940977713924
8 0.0342128196564707
9 0.0339940977713924
10 0.0342128196564707
11 0.0339940977713924
12 0.0342128196564707
13 0.0339940977713924
14 0.0342128196564707
15 0.0339940977713924
16 0.0342128196564707
17 0.0339940977713924
E = -16.8662911322904
site	densite
0 0.146876276534755
1 0.148321527036979
2 0.146876276534755
3 0.148321527036979
4 0.146876276534755
5 0.148321527036979
6 0.146876276534755
7 0.148321527036979
8 0.146876276534755
9 0.148321527036979
10 0.146876276534755
11 0.148321527036979
12 0.146876276534755
13 0.148321527036979
14 0.146876276534755
15 0.148321527036979
16 0.146876276534755
17 0.148321527036979
E = -16.8417672748412
site	densite
0 -0.0412083983273292
1 -0.0438594516662024
2 -0.0412083983273292
3 -0.0438594516662024
4 -0.0412083983273292
5 -0.0438594516662024
6 -0.0412083983273292
7 -0.0438594516662024
8 -0.0412083983273292
9 -0.0438594516662024
10 -0.0412083983273292
11 -0.0438594516662024
12 -0.0412083983273292
13 -0.0438594516662024
14 -0.0412083983273292
15 -0.0438594516662024
16 -0.0412083983273292
17 -0.0438594516662024
k = 17
E = -19.4335857624518
site	densite
0 0.330569587529385
1 0.330569587529385
2 0.330569587529385
3 0.330569587529385
4 0.330569587529385
5 0.330569587529385
6 0.330569587529385
7 0.330569587529385
8 0.330569587529385
9 0.330569587529385
10 0.330569587529385
11 0.330569587529385
12 0.330569587529385
13 0.330569587529385
14 0.330569587529385
15 0.330569587529385
16 0.330569587529385
17 0.330569587529385
E = -18.8521586974291
site	densite
0 0.111037784138766
1 0.111037784138766
2 0.111037784138766
3 0.111037784138766
4 0.111037784138766
5 0.111037784138766
6 0.111037784138766
7 0.111037784138766
8 0.111037784138766
9 0.111037784138766
10 0.111037784138766
11 0.111037784138766
12 0.111037784138766
13 0.111037784138766
14 0.111037784138766
15 0.111037784138766
16 0.111037784138766
17 0.111037784138766
E = -18.3545920441263
site	densite
0 -0.00150195451852992
1 -0.00150195451852992
2 -0.00150195451852992
3 -0.00150195451852992
4 -0.00150195451852992
5 -0.00150195451852992
6 -0.00150195451852992
7 -0.00150195451852992
8 -0.00150195451852992
9 -0.00150195451852992
10 -0.00150195451852992
11 -0.00150195451852992
12 -0.00150195451852992
13 -0.00150195451852992
14 -0.00150195451852992
15 -0.00150195451852992
16 -0.00150195451852992
17 -0.00150195451852992
E = -17.966051964395
site	densite
0 -0.039657913048126
1 -0.039657913048126
2 -0.039657913048126
3 -0.039657913048126
4 -0.039657913048126
5 -0.039657913048126
6 -0.039657913048126
7 -0.039657913048126
8 -0.039657913048126
9 -0.039657913048126
10 -0.039657913048126
11 -0.039657913048126
12 -0.039657913048126
13 -0.039657913048126
14 -0.039657913048126
15 -0.039657913048126
16 -0.039657913048126
17 -0.039657913048126
E = -17.6663403394074
site	densite
0 -0.0382431812049777
1 -0.0382431812049777
2 -0.0382431812049777
3 -0.0382431812049777
4 -0.0382431812049777
5 -0.0382431812049777
6 -0.0382431812049777
7 -0.0382431812049777
8 -0.0382431812049777
9 -0.0382431812049777
10 -0.0382431812049777
11 -0.0382431812049777
12 -0.0382431812049777
13 -0.0382431812049777
14 -0.0382431812049777
15 -0.0382431812049777
16 -0.0382431812049777
17 -0.0382431812049777
E = -17.3784620512836
site	densite
0 -0.0267294780809752
1 -0.0267294780809752
2 -0.0267294780809752
3 -0.0267294780809752
4 -0.0267294780809752
5 -0.0267294780809752
6 -0.0267294780809752
7 -0.0267294780809752
8 -0.0267294780809752
9 -0.0267294780809752
10 -0.0267294780809752
11 -0.0267294780809752
12 -0.0267294780809752
13 -0.0267294780809752
14 -0.0267294780809752
15 -0.0267294780809752
16 -0.0267294780809752
17 -0.0267294780809752
E = -17.1227687255506
site	densite
0 -0.102387687996842
1 -0.102387687996842
2 -0.102387687996842
3 -0.102387687996842
4 -0.102387687996842
5 -0.102387687996842
6 -0.102387687996842
7 -0.102387687996842
8 -0.102387687996842
9 -0.102387687996842
10 -0.102387687996842
11 -0.102387687996842
12 -0.102387687996842
13 -0.102387687996842
14 -0.102387687996842
15 -0.102387687996842
16 -0.102387687996842
17 -0.102387687996842
E = -17.0823886958228
site	densite
0 0.0030090246392422
1 0.0030090246392422
2 0.0030090246392422
3 0.0030090246392422
4 0.0030090246392422
5 0.0030090246392422
6 0.0030090246392422
7 0.0030090246392422
8 0.0030090246392422
9 0.0030090246392422
10 0.0030090246392422
11 0.0030090246392422
12 0.0030090246392422
13 0.0030090246392422
14 0.0030090246392422
15 0.0030090246392422
16 0.0030090246392422
17 0.0030090246392422
E = -16.8521226645726
site	densite
0 0.159593197504507
1 0.159593197504507
2 0.159593197504507
3 0.159593197504507
4 0.159593197504507
5 0.159593197504507
6 0.159593197504507
7 0.159593197504507
8 0.159593197504507
9 0.159593197504507
10 0.159593197504507
11 0.159593197504507
12 0.159593197504507
13 0.159593197504507
14 0.159593197504507
15 0.159593197504507
16 0.159593197504507
17 0.159593197504507
E = -16.7918957184591
site	densite
0 -0.0352488716905706
1 -0.0352488716905706
2 -0.0352488716905706
3 -0.0352488716905706
4 -0.0352488716905706
5 -0.0352488716905706
6 -0.0352488716905706
7 -0.0352488716905706
8 -0.0352488716905706
9 -0.0352488716905706
10 -0.0352488716905706
11 -0.0352488716905706
12 -0.0352488716905706
13 -0.0352488716905706
14 -0.0352488716905706
15 -0.0352488716905706
16 -0.0352488716905706
17 -0.0352488716905706
